0 0.41015625 0.13203125 0.07734375 0.0484375
0 0.87734375 0.115625 0.071875 0.0984375
0 0.9 0.05625 0.03203125 0.01953125
0 0.71875 0.5140625 0.0359375 0.07578125
0 0.72734375 0.57578125 0.01796875 0.0375
0 0.75390625 0.59140625 0.01796875 0.028125
0 0.72265625 0.6390625 0.03203125 0.10625
0 0.48203125 0.6796875 0.028125 0.02265625
0 0.478125 0.64375 0.0203125 0.021875
0 0.4671875 0.709375 0.021875 0.0328125
0 0.4484375 0.759375 0.0375 0.05
0 0.6734375 0.90625 0.01484375 0.0234375
0 0.69140625 0.9140625 0.0234375 0.06640625
0 0.6859375 0.96640625 0.02578125 0.034375
0 0.72109375 0.896875 0.01875 0.01328125