0 0.80390625 0.1703125 0.0828125 0.12265625
0 0.503125 0.26484375 0.06015625 0.10703125
0 0.58203125 0.26640625 0.03359375 0.03984375
0 0.3484375 0.20859375 0.06015625 0.05078125
0 0.29765625 0.328125 0.05234375 0.15078125
0 0.6609375 0.565625 0.06015625 0.07890625
0 0.68515625 0.703125 0.090625 0.15390625
0 0.409375 0.79140625 0.0734375 0.13828125
0 0.29921875 0.78046875 0.04921875 0.1625
0 0.29765625 0.95078125 0.0234375 0.0984375
0 0.6609375 0.98984375 0.04921875 0.01953125
0 0.66015625 0.875 0.02109375 0.02421875