0 0.4015625 0.11171875 0.08046875 0.05
0 0.8859375 0.09453125 0.07421875 0.10234375
0 0.909375 0.0328125 0.03359375 0.0203125
0 0.72109375 0.50859375 0.03671875 0.07890625
0 0.73046875 0.57265625 0.01875 0.0390625
0 0.7578125 0.58828125 0.01875 0.0296875
0 0.725 0.63828125 0.03359375 0.11015625
0 0.47578125 0.6796875 0.02890625 0.0234375
0 0.471875 0.64296875 0.02109375 0.02265625
0 0.46015625 0.7109375 0.0234375 0.03359375
0 0.440625 0.7625 0.0390625 0.0515625
0 0.67421875 0.91484375 0.01484375 0.02421875
0 0.69296875 0.9234375 0.02421875 0.06953125
0 0.68671875 0.97734375 0.0265625 0.03515625
0 0.72421875 0.9046875 0.01953125 0.0140625