0 0.27734375 0.30390625 0.0765625 0.1578125
0 0.31953125 0.17578125 0.12109375 0.071875
0 0.48828125 0.2375 0.06875 0.10390625
0 0.61640625 0.240625 0.1328125 0.1171875
0 0.8 0.14375 0.08984375 0.0921875
0 0.8078125 0.084375 0.03515625 0.03203125
0 0.659375 0.55234375 0.046875 0.09375
0 0.6859375 0.69921875 0.0765625 0.14609375
0 0.41875 0.7796875 0.10546875 0.15234375
0 0.29375 0.77421875 0.05078125 0.18046875
0 0.30546875 0.95078125 0.0609375 0.0984375
0 0.659375 0.98515625 0.06640625 0.0296875