0 0.23046875 0.1796875 0.03125 0.03828125
0 0.2578125 0.171875 0.03359375 0.03515625
0 0.2015625 0.2859375 0.06015625 0.1328125
0 0.36875 0.22421875 0.05078125 0.0921875
0 0.48515625 0.221875 0.0984375 0.1015625
0 0.6390625 0.090625 0.0453125 0.03046875
0 0.665625 0.06796875 0.03125 0.0140625
0 0.65546875 0.05703125 0.0171875 0.0171875
0 0.6453125 0.1359375 0.03203125 0.08046875
0 0.671875 0.12734375 0.03203125 0.08359375
0 0.4421875 0.3984375 0.01953125 0.03671875
0 0.53515625 0.50859375 0.0296875 0.090625
0 0.55078125 0.63046875 0.0578125 0.1
0 0.578125 0.59609375 0.028125 0.03671875
0 0.55 0.5703125 0.0140625 0.0328125
0 0.55546875 0.70234375 0.0125 0.03515625
0 0.31796875 0.6921875 0.0390625 0.06015625
0 0.32578125 0.6453125 0.01796875 0.015625
0 0.2234375 0.70234375 0.028125 0.1484375
0 0.31640625 0.7546875 0.03671875 0.05078125
0 0.228125 0.8859375 0.03125 0.1421875
0 0.4078125 0.9625 0.03359375 0.07421875
0 0.46953125 0.990625 0.028125 0.01875
0 0.5484375 0.95703125 0.04375 0.0859375
0 0.55234375 0.90703125 0.0125 0.009375