0 0.3734375 0.13359375 0.09921875 0.0515625
0 0.321875 0.259375 0.0890625 0.17890625
0 0.53828125 0.18359375 0.0609375 0.11875
0 0.6671875 0.19765625 0.1359375 0.13984375
0 0.86875 0.1015625 0.09296875 0.11875
0 0.8703125 0.034375 0.0765625 0.02890625
0 0.6984375 0.51875 0.05234375 0.08828125
0 0.71875 0.5875 0.01640625 0.0421875
0 0.7421875 0.61015625 0.0265625 0.02734375
0 0.721875 0.67109375 0.0625 0.1109375
0 0.42578125 0.7625 0.07109375 0.13828125
0 0.453125 0.67734375 0.03671875 0.01640625
0 0.69921875 0.84453125 0.0203125 0.0234375
0 0.60390625 0.42265625 0.04453125 0.090625
0 0.315625 0.74296875 0.0375 0.16328125
0 0.30078125 0.9375 0.03671875 0.125
0 0.534375 0.98515625 0.04375 0.0296875
0 0.60859375 0.96171875 0.03125 0.04140625
0 0.69296875 0.9796875 0.0828125 0.040625