0 0.390625 0.25546875 0.07734375 0.1265625
0 0.63984375 0.21953125 0.0359375 0.0578125
0 0.3515625 0.4265625 0.053125 0.059375
0 0.34453125 0.475 0.053125 0.0578125
0 0.44609375 0.41953125 0.0453125 0.05
0 0.43984375 0.4703125 0.0328125 0.03984375
0 0.4359375 0.74765625 0.14296875 0.053125
0 0.53359375 0.7671875 0.07265625 0.03984375
0 0.5484375 0.8015625 0.0375 0.0390625
0 0.5609375 0.85 0.03984375 0.05390625
0 0.51484375 0.93203125 0.01875 0.04765625
0 0.41953125 0.88359375 0.0828125 0.084375
0 0.4140625 0.81328125 0.10078125 0.0796875
0 0.4234375 0.62421875 0.03828125 0.09921875
0 0.43671875 0.5546875 0.02421875 0.0328125
0 0.4375 0.71171875 0.04921875 0.0296875