0 0.165625 0.22109375 0.0578125 0.06796875
0 0.1640625 0.2890625 0.03984375 0.0765625
0 0.18828125 0.14375 0.0296875 0.04921875
0 0.21875 0.13359375 0.0359375 0.040625
0 0.221875 0.16953125 0.0125 0.021875
0 0.33203125 0.16171875 0.0203125 0.03515625
0 0.346875 0.2 0.0203125 0.08203125
0 0.36328125 0.14375 0.02109375 0.04609375
0 0.475 0.140625 0.08671875 0.021875
0 0.45078125 0.1921875 0.1 0.02109375
0 0.465625 0.16875 0.0609375 0.02578125
0 0.4765625 0.15234375 0.03984375 0.01015625
0 0.4640625 0.2234375 0.06640625 0.04375
0 0.6125 0.05390625 0.0453125 0.02109375
0 0.625 0.10234375 0.025 0.07109375
0 0.65078125 0.0859375 0.02734375 0.07265625
0 0.5125 0.490625 0.03046875 0.08125
0 0.41171875 0.371875 0.015625 0.0234375
0 0.41953125 0.4171875 0.021875 0.03359375
0 0.26875 0.75703125 0.02734375 0.03984375
0 0.27421875 0.7328125 0.01484375 0.01875
0 0.2765625 0.70234375 0.015625 0.02734375
0 0.29140625 0.6703125 0.021875 0.03359375
0 0.290625 0.63515625 0.01328125 0.01953125
0 0.528125 0.6359375 0.04140625 0.13671875
0 0.52734375 0.559375 0.01953125 0.0375
0 0.55390625 0.57734375 0.01953125 0.02578125
0 0.50546875 0.9375 0.01953125 0.0234375
0 0.52421875 0.95546875 0.01875 0.0890625
0 0.3765625 0.9875 0.0203125 0.025
0 0.43671875 0.996875 0.0171875 0.00546875
0 0.3828125 0.9453125 0.02890625 0.0375
0 0.44609375 0.9140625 0.0171875 0.03828125
0 0.175 0.92734375 0.02890625 0.0671875
0 0.1828125 0.690625 0.015625 0.1421875
0 0.165625 0.76875 0.0109375 0.02109375
0 0.18359375 0.86953125 0.009375 0.053125
0 0.1859375 0.821875 0.015625 0.02421875
0 0.5171875 0.7953125 0.009375 0.01640625
0 0.55 0.92734375 0.021875 0.01484375