0 0.8015625 0.17109375 0.0828125 0.12265625
0 0.5 0.26640625 0.06015625 0.10703125
0 0.57890625 0.26796875 0.03359375 0.03984375
0 0.3453125 0.21015625 0.06015625 0.05078125
0 0.29453125 0.3296875 0.05234375 0.15078125
0 0.6578125 0.5671875 0.06015625 0.07890625
0 0.6828125 0.7046875 0.090625 0.15390625
0 0.40703125 0.79296875 0.0734375 0.13828125
0 0.296875 0.78203125 0.04921875 0.1625
0 0.29453125 0.9515625 0.0234375 0.096875
0 0.6578125 0.990625 0.04921875 0.01796875
0 0.65703125 0.8765625 0.02109375 0.02421875