0 0.265625 0.18203125 0.07578125 0.053125
0 0.40078125 0.23984375 0.05703125 0.0984375
0 0.5109375 0.22734375 0.121875 0.1125
0 0.675 0.13984375 0.090625 0.1015625
0 0.67578125 0.0796875 0.0296875 0.03203125
0 0.225 0.30078125 0.06484375 0.134375
0 0.559375 0.51640625 0.059375 0.0890625
0 0.59140625 0.65 0.071875 0.13046875
0 0.3484375 0.72734375 0.06328125 0.134375
0 0.25 0.7109375 0.03671875 0.153125
0 0.2546875 0.909375 0.05703125 0.15703125
0 0.4421875 0.95859375 0.0625 0.0828125
0 0.58046875 0.953125 0.0609375 0.09296875