0 0.23125 0.17890625 0.03125 0.03828125
0 0.2578125 0.17109375 0.03359375 0.03515625
0 0.20234375 0.2859375 0.0609375 0.13359375
0 0.36953125 0.22421875 0.05078125 0.0921875
0 0.4875 0.221875 0.09921875 0.1015625
0 0.64140625 0.0890625 0.0453125 0.03046875
0 0.66875 0.0671875 0.03125 0.0140625
0 0.65859375 0.05625 0.0171875 0.0171875
0 0.64765625 0.13515625 0.0328125 0.08046875
0 0.675 0.1265625 0.0328125 0.08359375
0 0.44375 0.39921875 0.01953125 0.0375
0 0.5375 0.51015625 0.0296875 0.09140625
0 0.553125 0.6328125 0.0578125 0.10078125
0 0.58046875 0.59765625 0.028125 0.0375
0 0.55234375 0.571875 0.0140625 0.0328125
0 0.55703125 0.7046875 0.0125 0.03515625
0 0.31875 0.69453125 0.03984375 0.06015625
0 0.3265625 0.64765625 0.01875 0.015625
0 0.22421875 0.7046875 0.028125 0.15
0 0.3171875 0.7578125 0.03671875 0.05078125
0 0.228125 0.88984375 0.03125 0.14296875
0 0.40859375 0.9640625 0.03359375 0.07109375
0 0.4703125 0.9921875 0.028125 0.015625
0 0.55 0.95859375 0.04375 0.0828125
0 0.5546875 0.9109375 0.0125 0.009375