0 0.4234375 0.1171875 0.0828125 0.0515625
0 0.921875 0.09921875 0.0765625 0.10546875
0 0.94609375 0.0359375 0.034375 0.02109375
0 0.7515625 0.525 0.03828125 0.08125
0 0.76171875 0.590625 0.01875 0.03984375
0 0.78984375 0.60703125 0.01875 0.03046875
0 0.75625 0.65859375 0.034375 0.11328125
0 0.5 0.70078125 0.0296875 0.02421875
0 0.4953125 0.66328125 0.02109375 0.0234375
0 0.48359375 0.7328125 0.0234375 0.034375
0 0.46328125 0.7859375 0.040625 0.053125
0 0.70390625 0.9421875 0.015625 0.025
0 0.72265625 0.9515625 0.025 0.07109375
0 0.71640625 0.99375 0.02734375 0.01171875
0 0.7546875 0.9328125 0.0203125 0.0140625