0 0.425 0.25234375 0.084375 0.1375
0 0.696875 0.2140625 0.0390625 0.06328125
0 0.3828125 0.43828125 0.0578125 0.06484375
0 0.375 0.49140625 0.05703125 0.06328125
0 0.4859375 0.43125 0.04921875 0.05390625
0 0.47890625 0.4859375 0.0359375 0.04375
0 0.47421875 0.7875 0.15546875 0.0578125
0 0.58046875 0.809375 0.07890625 0.04375
0 0.59765625 0.84609375 0.040625 0.04296875
0 0.6109375 0.89921875 0.04296875 0.059375
0 0.559375 0.98125 0.0203125 0.0375
0 0.45625 0.93515625 0.090625 0.0921875
0 0.45078125 0.859375 0.109375 0.08671875
0 0.4609375 0.653125 0.04140625 0.1078125
0 0.475 0.578125 0.0265625 0.0359375
0 0.4765625 0.74921875 0.05390625 0.03203125