0 0.384375 0.1390625 0.0796875 0.05859375
0 0.528125 0.2015625 0.06640625 0.08046875
0 0.6453125 0.20625 0.09375 0.10546875
0 0.81171875 0.12734375 0.09375 0.10234375
0 0.315625 0.2640625 0.078125 0.165625
0 0.5859375 0.41640625 0.0375 0.07734375
0 0.675 0.49765625 0.046875 0.08203125
0 0.7015625 0.6296875 0.0875 0.1671875
0 0.4328125 0.72734375 0.046875 0.14609375
0 0.31875 0.73359375 0.0375 0.1640625
0 0.31953125 0.93203125 0.0390625 0.1359375
0 0.5234375 0.96640625 0.0296875 0.0671875
0 0.67265625 0.9484375 0.0546875 0.10234375
0 0.68671875 0.7953125 0.02734375 0.0265625