0 0.28828125 0.35 0.0625 0.14296875
0 0.340625 0.228125 0.06484375 0.05
0 0.4859375 0.28203125 0.07421875 0.09453125
0 0.57421875 0.28515625 0.04921875 0.03828125
0 0.7984375 0.1984375 0.08359375 0.08984375
0 0.8140625 0.13359375 0.03828125 0.0515625
0 0.64765625 0.5921875 0.03203125 0.07265625
0 0.6640625 0.7296875 0.05546875 0.13125
0 0.40625 0.77421875 0.0359375 0.07265625
0 0.38515625 0.83828125 0.04765625 0.07109375
0 0.2890625 0.79296875 0.034375 0.1609375
0 0.284375 0.9640625 0.04375 0.071875
0 0.6484375 0.89921875 0.034375 0.0171875
0 0.64296875 0.99765625 0.01875 0.0046875
0 0.665625 0.6546875 0.02265625 0.04140625