0 0.30546875 0.2078125 0.08203125 0.0515625
0 0.75234375 0.1828125 0.07421875 0.09921875
0 0.7640625 0.1203125 0.0203125 0.015625
0 0.58203125 0.2703125 0.11015625 0.103125
0 0.4609375 0.2640625 0.06171875 0.0796875
0 0.25390625 0.340625 0.0578125 0.1578125
0 0.61796875 0.56796875 0.0484375 0.05859375
0 0.6359375 0.7046875 0.06875 0.1453125
0 0.6328125 0.63515625 0.01875 0.0390625
0 0.37734375 0.7875 0.0578125 0.12734375
0 0.26640625 0.78125 0.0296875 0.1453125
0 0.26796875 0.94140625 0.040625 0.11640625
0 0.615625 0.98203125 0.046875 0.0359375