0 0.32890625 0.18984375 0.06796875 0.05546875
0 0.271875 0.31953125 0.05546875 0.159375
0 0.2640625 0.43203125 0.02890625 0.04609375
0 0.490625 0.26171875 0.04765625 0.10859375
0 0.584375 0.2578125 0.034375 0.02578125
0 0.82890625 0.159375 0.07890625 0.10390625
0 0.8453125 0.09140625 0.0328125 0.0265625
0 0.66328125 0.59296875 0.03671875 0.08125
0 0.67578125 0.6578125 0.01796875 0.0375
0 0.7125 0.6921875 0.01796875 0.03359375
0 0.68046875 0.76328125 0.05078125 0.16875
0 0.36875 0.8859375 0.028125 0.04140625
0 0.6640625 0.93046875 0.01484375 0.01484375
0 0.3796875 0.8109375 0.01484375 0.06484375
0 0.40078125 0.76875 0.015625 0.04609375
0 0.2640625 0.8171875 0.01796875 0.16015625
0 0.2421875 0.90390625 0.01484375 0.02421875
0 0.259375 0.9828125 0.0234375 0.034375