0 0.275 0.36171875 0.0625 0.1421875
0 0.32734375 0.240625 0.0640625 0.05
0 0.471875 0.29375 0.0734375 0.09375
0 0.559375 0.296875 0.04921875 0.03828125
0 0.7828125 0.2109375 0.0828125 0.0890625
0 0.79765625 0.14609375 0.0375 0.05078125
0 0.63203125 0.60234375 0.03203125 0.07265625
0 0.64921875 0.7390625 0.0546875 0.13046875
0 0.3921875 0.78359375 0.0359375 0.07265625
0 0.37109375 0.846875 0.046875 0.07109375
0 0.27578125 0.80234375 0.034375 0.16015625
0 0.27109375 0.96796875 0.04375 0.0640625
0 0.63359375 0.9078125 0.034375 0.0171875
0 0.65 0.66484375 0.02265625 0.04140625