0 0.29375 0.19296875 0.084375 0.05859375
0 0.4453125 0.2515625 0.09765625 0.1171875
0 0.5453125 0.26640625 0.078125 0.05
0 0.746875 0.16875 0.1109375 0.10078125
0 0.7765625 0.10390625 0.0375 0.03828125
0 0.2390625 0.3171875 0.05625 0.159375
0 0.6078125 0.55859375 0.046875 0.08359375
0 0.625 0.69375 0.05859375 0.13203125
0 0.6171875 0.86796875 0.03125 0.03515625
0 0.35546875 0.79375 0.05859375 0.12890625
0 0.3671875 0.70703125 0.03125 0.0234375
0 0.23828125 0.784375 0.046875 0.165625
0 0.240625 0.95078125 0.04296875 0.0890625
0 0.621875 0.990625 0.053125 0.01875
0 0.5265625 0.49453125 0.040625 0.03359375