0 0.37890625 0.096875 0.084375 0.06171875
0 0.5296875 0.1625 0.0703125 0.08515625
0 0.653125 0.16796875 0.0984375 0.1109375
0 0.828125 0.08515625 0.0984375 0.1078125
0 0.30546875 0.22890625 0.08203125 0.17421875
0 0.590625 0.38984375 0.0390625 0.08203125
0 0.684375 0.475 0.04921875 0.08671875
0 0.71171875 0.6140625 0.09296875 0.17578125
0 0.42890625 0.71796875 0.04921875 0.1546875
0 0.30859375 0.7234375 0.0390625 0.17265625
0 0.309375 0.93046875 0.04140625 0.1390625
0 0.525 0.96640625 0.03125 0.0671875
0 0.68203125 0.9484375 0.0578125 0.103125
0 0.696875 0.78828125 0.02890625 0.028125