0 0.35234375 0.18515625 0.07109375 0.05
0 0.29453125 0.3078125 0.059375 0.16484375
0 0.48671875 0.23671875 0.046875 0.12578125
0 0.56328125 0.24765625 0.06484375 0.04765625
0 0.79453125 0.15703125 0.10234375 0.10625
0 0.80234375 0.10546875 0.059375 0.05859375
0 0.6375 0.546875 0.07265625 0.08671875
0 0.65703125 0.66171875 0.078125 0.13515625
0 0.4015625 0.7515625 0.06484375 0.13515625
0 0.296875 0.7359375 0.03515625 0.146875
0 0.29453125 0.92734375 0.05625 0.13828125
0 0.62421875 0.9609375 0.059375 0.07734375