0 0.2484375 0.325 0.07578125 0.1578125
0 0.290625 0.19765625 0.1203125 0.07109375
0 0.45859375 0.25859375 0.06796875 0.103125
0 0.58515625 0.2625 0.13203125 0.11640625
0 0.76796875 0.165625 0.0890625 0.0921875
0 0.77578125 0.10625 0.03515625 0.03203125
0 0.628125 0.57265625 0.046875 0.09296875
0 0.6546875 0.71875 0.07578125 0.14609375
0 0.3890625 0.79921875 0.1046875 0.1515625
0 0.26484375 0.79375 0.05078125 0.1796875
0 0.2765625 0.96015625 0.059375 0.0796875
0 0.62734375 0.99375 0.0671875 0.0125