0 0.15 0.2890625 0.05859375 0.1578125
0 0.17578125 0.17265625 0.0390625 0.04453125
0 0.20234375 0.16328125 0.0375 0.04140625
0 0.3171875 0.1828125 0.03203125 0.0578125
0 0.33359375 0.23046875 0.0171875 0.08125
0 0.3453125 0.1765625 0.021875 0.06015625
0 0.41171875 0.2171875 0.04375 0.0296875
0 0.4578125 0.23671875 0.08203125 0.04453125
0 0.46328125 0.26875 0.02734375 0.0140625
0 0.4625 0.18671875 0.07734375 0.05625
0 0.6 0.0859375 0.0390625 0.03515625
0 0.62734375 0.05390625 0.0265625 0.02734375
0 0.6046875 0.13515625 0.034375 0.0703125
0 0.640625 0.12109375 0.0375 0.07890625
0 0.27265625 0.75625 0.021875 0.090625
0 0.2859375 0.690625 0.03125 0.02734375
0 0.284375 0.66171875 0.0203125 0.0140625
0 0.5234375 0.6484375 0.04140625 0.11171875
0 0.521875 0.71875 0.01953125 0.03515625
0 0.54609375 0.6046875 0.0171875 0.0359375
0 0.51875 0.58046875 0.01484375 0.0328125
0 0.50234375 0.51875 0.034375 0.06953125
0 0.5140625 0.4828125 0.01796875 0.0125
0 0.1765625 0.6703125 0.01875 0.06640625
0 0.175 0.75 0.03671875 0.0859375
0 0.16171875 0.79921875 0.01875 0.01015625
0 0.1921875 0.80078125 0.0078125 0.0109375
0 0.1578125 0.83671875 0.01953125 0.03125
0 0.18515625 0.85546875 0.01328125 0.0140625
0 0.184375 0.83671875 0.0140625 0.02734375
0 0.18125 0.878125 0.02265625 0.0125
0 0.17265625 0.9125 0.03828125 0.0109375
0 0.18046875 0.95234375 0.025 0.07421875
0 0.16484375 0.95390625 0.0203125 0.0453125
0 0.1546875 0.38671875 0.02890625 0.0296875
0 0.4140625 0.44609375 0.021875 0.03046875
0 0.40078125 0.4046875 0.02109375 0.0359375
0 0.5046875 0.95859375 0.0140625 0.021875
0 0.52421875 0.96484375 0.0171875 0.0703125
0 0.37265625 0.99375 0.0265625 0.0125
0 0.3875 0.97421875 0.01640625 0.02734375
0 0.37421875 0.9703125 0.01171875 0.0359375
0 0.44375 0.93515625 0.0046875 0.0296875