0 0.2328125 0.1046875 0.034375 0.0421875
0 0.2625 0.0953125 0.0375 0.0390625
0 0.20078125 0.22265625 0.0671875 0.14765625
0 0.3859375 0.1546875 0.05625 0.10234375
0 0.515625 0.1515625 0.109375 0.1125
0 0.6859375 0.0109375 0.05078125 0.021875
0 0.69296875 0.05625 0.0359375 0.0890625
0 0.72265625 0.04609375 0.0359375 0.0921875
0 0.4671875 0.34765625 0.021875 0.04140625
0 0.57109375 0.4703125 0.0328125 0.10078125
0 0.58828125 0.60546875 0.0640625 0.11171875
0 0.61875 0.5671875 0.03125 0.04140625
0 0.5875 0.5390625 0.015625 0.03671875
0 0.59296875 0.68515625 0.0140625 0.0390625
0 0.3296875 0.6734375 0.04375 0.0671875
0 0.33828125 0.621875 0.0203125 0.01796875
0 0.225 0.68515625 0.03125 0.165625
0 0.328125 0.74375 0.040625 0.05625
0 0.2296875 0.88984375 0.034375 0.1578125
0 0.42890625 0.96640625 0.03671875 0.0671875
0 0.49765625 0.99765625 0.03125 0.0046875
0 0.58515625 0.959375 0.0484375 0.08125
0 0.58984375 0.9125 0.0140625 0.0109375