0 0.14921875 0.1953125 0.05859375 0.06953125
0 0.1484375 0.265625 0.040625 0.078125
0 0.17265625 0.11796875 0.03046875 0.05
0 0.20390625 0.10625 0.0359375 0.04140625
0 0.20703125 0.14375 0.0125 0.021875
0 0.31875 0.1359375 0.0203125 0.0359375
0 0.334375 0.17421875 0.0203125 0.08359375
0 0.35078125 0.1171875 0.021875 0.046875
0 0.46484375 0.1140625 0.08828125 0.021875
0 0.43984375 0.16640625 0.10234375 0.02109375
0 0.45546875 0.14296875 0.06171875 0.0265625
0 0.46640625 0.12578125 0.040625 0.01015625
0 0.453125 0.1984375 0.06796875 0.04453125
0 0.6046875 0.02578125 0.04609375 0.02109375
0 0.61796875 0.075 0.02578125 0.071875
0 0.64296875 0.0578125 0.02734375 0.0734375
0 0.503125 0.4703125 0.03125 0.08203125
0 0.4 0.34921875 0.015625 0.0234375
0 0.4078125 0.39609375 0.02265625 0.03359375
0 0.2546875 0.7421875 0.02734375 0.040625
0 0.26015625 0.7171875 0.01484375 0.01875
0 0.2625 0.6859375 0.015625 0.028125
0 0.27734375 0.653125 0.02265625 0.03359375
0 0.27734375 0.6171875 0.0140625 0.01953125
0 0.51875 0.61796875 0.0421875 0.1390625
0 0.51796875 0.540625 0.01953125 0.03828125
0 0.5453125 0.55859375 0.01953125 0.0265625
0 0.49609375 0.92578125 0.01953125 0.0234375
0 0.5140625 0.9484375 0.01875 0.103125
0 0.36484375 0.98125 0.0203125 0.034375
0 0.42578125 0.990625 0.01875 0.01484375
0 0.3703125 0.93359375 0.0296875 0.03828125
0 0.43515625 0.9015625 0.01796875 0.0390625
0 0.159375 0.91484375 0.0296875 0.06875
0 0.1671875 0.67421875 0.015625 0.1453125
0 0.15 0.75390625 0.0109375 0.02109375
0 0.16796875 0.85625 0.01015625 0.05390625
0 0.1703125 0.80703125 0.015625 0.02421875
0 0.5078125 0.78046875 0.01015625 0.0171875
0 0.540625 0.91484375 0.02265625 0.015625