0 0.32734375 0.19375 0.0953125 0.05
0 0.27734375 0.315625 0.0859375 0.17265625
0 0.4859375 0.2421875 0.05859375 0.1140625
0 0.61015625 0.25546875 0.13125 0.134375
0 0.8046875 0.16328125 0.08984375 0.1140625
0 0.80625 0.0984375 0.07421875 0.028125
0 0.640625 0.565625 0.05078125 0.08515625
0 0.66015625 0.63203125 0.015625 0.040625
0 0.6828125 0.65390625 0.025 0.0265625
0 0.66328125 0.71328125 0.0609375 0.10703125
0 0.378125 0.80078125 0.06875 0.13359375
0 0.4046875 0.71875 0.03515625 0.01640625
0 0.64140625 0.8796875 0.01953125 0.02265625
0 0.55 0.4734375 0.04296875 0.0875
0 0.27109375 0.78203125 0.03671875 0.1578125
0 0.25703125 0.9546875 0.03515625 0.090625
0 0.553125 0.9859375 0.03125 0.028125