0 0.1484375 0.25546875 0.0578125 0.15625
0 0.1734375 0.1390625 0.0390625 0.04375
0 0.2 0.13046875 0.03671875 0.040625
0 0.31328125 0.14921875 0.03203125 0.05703125
0 0.3296875 0.196875 0.01640625 0.08046875
0 0.34140625 0.14375 0.021875 0.059375
0 0.40703125 0.18359375 0.04296875 0.02890625
0 0.45234375 0.203125 0.08125 0.04453125
0 0.4578125 0.23515625 0.02734375 0.0140625
0 0.45703125 0.153125 0.0765625 0.05546875
0 0.59296875 0.05390625 0.03828125 0.034375
0 0.6203125 0.02265625 0.0265625 0.0265625
0 0.59765625 0.10234375 0.034375 0.0703125
0 0.6328125 0.08828125 0.0375 0.078125
0 0.26953125 0.7171875 0.021875 0.08984375
0 0.2828125 0.65234375 0.03125 0.02734375
0 0.28125 0.62421875 0.01953125 0.0140625
0 0.5171875 0.61015625 0.040625 0.1109375
0 0.515625 0.6796875 0.01875 0.034375
0 0.5390625 0.5671875 0.01640625 0.03515625
0 0.5125 0.54296875 0.0140625 0.03203125
0 0.496875 0.48203125 0.034375 0.06875
0 0.5078125 0.446875 0.0171875 0.0125
0 0.17421875 0.63203125 0.01796875 0.065625
0 0.17265625 0.7109375 0.03671875 0.084375
0 0.16015625 0.759375 0.01796875 0.01015625
0 0.18984375 0.76171875 0.0078125 0.0109375
0 0.15546875 0.796875 0.01875 0.03046875
0 0.1828125 0.815625 0.0125 0.01328125
0 0.1828125 0.796875 0.01328125 0.0265625
0 0.17890625 0.83828125 0.02265625 0.0125
0 0.1703125 0.871875 0.0375 0.0109375
0 0.178125 0.9109375 0.025 0.0734375
0 0.1625 0.91328125 0.01953125 0.0453125
0 0.153125 0.3515625 0.02890625 0.0296875
0 0.409375 0.41015625 0.021875 0.03046875
0 0.39609375 0.36953125 0.02109375 0.0359375
0 0.4984375 0.9171875 0.01328125 0.021875
0 0.51953125 0.9328125 0.01640625 0.084375
0 0.51484375 0.9875 0.0171875 0.025
0 0.35390625 0.984375 0.0171875 0.0171875
0 0.37421875 0.97734375 0.01875 0.02421875
0 0.36875 0.95625 0.02578125 0.01953125
0 0.3828125 0.9328125 0.015625 0.02734375
0 0.3703125 0.92890625 0.01171875 0.0359375
0 0.43828125 0.89453125 0.0046875 0.0296875
0 0.43359375 0.9828125 0.0171875 0.01875