0 0.30546875 0.23359375 0.0796875 0.05625
0 0.45 0.28984375 0.09296875 0.11171875
0 0.54453125 0.30390625 0.07421875 0.04765625
0 0.7375 0.2109375 0.10625 0.09609375
0 0.765625 0.1484375 0.03515625 0.0359375
0 0.253125 0.35234375 0.05390625 0.15234375
0 0.60390625 0.58203125 0.04453125 0.0796875
0 0.62109375 0.71171875 0.05625 0.12578125
0 0.61328125 0.878125 0.0296875 0.03359375
0 0.3640625 0.80625 0.05625 0.12265625
0 0.375 0.72421875 0.0296875 0.02265625
0 0.25234375 0.79765625 0.04453125 0.1578125
0 0.25390625 0.95703125 0.040625 0.08515625
0 0.6171875 0.9921875 0.05 0.015625
0 0.52734375 0.52109375 0.0390625 0.03203125