0 0.396875 0.25625 0.07578125 0.1234375
0 0.64140625 0.221875 0.03515625 0.05703125
0 0.359375 0.4234375 0.0515625 0.05859375
0 0.35234375 0.47109375 0.0515625 0.05703125
0 0.4515625 0.4171875 0.04453125 0.0484375
0 0.44609375 0.46640625 0.03203125 0.0390625
0 0.44140625 0.73828125 0.140625 0.05234375
0 0.5375 0.7578125 0.07109375 0.0390625
0 0.55234375 0.790625 0.03671875 0.03828125
0 0.56484375 0.83828125 0.0390625 0.053125
0 0.51875 0.91953125 0.01875 0.046875
0 0.42578125 0.87109375 0.08125 0.0828125
0 0.42109375 0.80234375 0.0984375 0.078125
0 0.4296875 0.6171875 0.0375 0.09765625
0 0.4421875 0.54921875 0.02421875 0.0328125
0 0.44375 0.703125 0.0484375 0.02890625