0 0.33515625 0.2125 0.06328125 0.05078125
0 0.2828125 0.33125 0.05078125 0.146875
0 0.27578125 0.43515625 0.0265625 0.04296875
0 0.484375 0.27890625 0.04375 0.1
0 0.57109375 0.275 0.03203125 0.02421875
0 0.796875 0.18359375 0.07265625 0.09609375
0 0.81171875 0.121875 0.03046875 0.02421875
0 0.64453125 0.584375 0.03359375 0.075
0 0.65546875 0.64375 0.01640625 0.03515625
0 0.6890625 0.6765625 0.01640625 0.03125
0 0.66015625 0.7421875 0.046875 0.15625
0 0.371875 0.8546875 0.02578125 0.03828125
0 0.64453125 0.89609375 0.0140625 0.01328125
0 0.6390625 0.99765625 0.009375 0.0046875
0 0.38203125 0.78515625 0.0140625 0.06015625
0 0.4015625 0.746875 0.01484375 0.04296875
0 0.27578125 0.79140625 0.01640625 0.1484375
0 0.25546875 0.871875 0.0140625 0.021875
0 0.271875 0.9640625 0.021875 0.071875