0 0.3046875 0.1890625 0.08828125 0.05546875
0 0.78515625 0.16171875 0.0796875 0.10625
0 0.79765625 0.09453125 0.021875 0.01640625
0 0.60234375 0.25546875 0.11796875 0.1109375
0 0.471875 0.24921875 0.065625 0.08515625
0 0.25 0.33125 0.06171875 0.16953125
0 0.640625 0.575 0.05234375 0.06328125
0 0.66015625 0.721875 0.07421875 0.15625
0 0.65703125 0.646875 0.0203125 0.0421875
0 0.38203125 0.8109375 0.06171875 0.13671875
0 0.26328125 0.8046875 0.03203125 0.15625
0 0.26484375 0.95703125 0.04375 0.0859375