0 0.240625 0.16015625 0.07890625 0.0546875
0 0.38046875 0.21953125 0.059375 0.10234375
0 0.4953125 0.20703125 0.1265625 0.11640625
0 0.665625 0.115625 0.09453125 0.10546875
0 0.66640625 0.05390625 0.03046875 0.0328125
0 0.1984375 0.2828125 0.0671875 0.13984375
0 0.5453125 0.50703125 0.06171875 0.0921875
0 0.57890625 0.6453125 0.075 0.13515625
0 0.32578125 0.72578125 0.065625 0.13984375
0 0.22421875 0.70859375 0.03828125 0.15859375
0 0.22890625 0.9140625 0.059375 0.1625
0 0.42421875 0.96171875 0.065625 0.0765625
0 0.56640625 0.95546875 0.0640625 0.0890625