0 0.3359375 0.2171875 0.06171875 0.05
0 0.284375 0.33359375 0.05 0.14375
0 0.27734375 0.43515625 0.0265625 0.0421875
0 0.48203125 0.28203125 0.04296875 0.0984375
0 0.56640625 0.27890625 0.03125 0.0234375
0 0.7875 0.1890625 0.07109375 0.09375
0 0.80234375 0.128125 0.0296875 0.02421875
0 0.63828125 0.58125 0.0328125 0.0734375
0 0.64921875 0.63984375 0.01640625 0.034375
0 0.6828125 0.67109375 0.01640625 0.03046875
0 0.65390625 0.7359375 0.0453125 0.153125
0 0.371875 0.84609375 0.025 0.0375
0 0.6390625 0.88671875 0.01328125 0.01328125
0 0.634375 0.9921875 0.009375 0.015625
0 0.38203125 0.778125 0.01328125 0.05859375
0 0.40078125 0.740625 0.0140625 0.0421875
0 0.27734375 0.78359375 0.01640625 0.1453125
0 0.2578125 0.8625 0.01328125 0.021875
0 0.27421875 0.959375 0.02109375 0.08125