0 0.30390625 0.209375 0.08125 0.0515625
0 0.7484375 0.184375 0.07421875 0.0984375
0 0.76015625 0.121875 0.0203125 0.015625
0 0.57890625 0.27109375 0.109375 0.103125
0 0.45859375 0.26484375 0.0609375 0.07890625
0 0.253125 0.340625 0.05703125 0.15703125
0 0.61484375 0.56640625 0.0484375 0.05859375
0 0.63203125 0.703125 0.06875 0.14453125
0 0.6296875 0.63359375 0.01875 0.0390625
0 0.375 0.78515625 0.05703125 0.1265625
0 0.26484375 0.77890625 0.0296875 0.14453125
0 0.265625 0.93984375 0.040625 0.1203125
0 0.61171875 0.98046875 0.04609375 0.0390625