0 0.14765625 0.27578125 0.0546875 0.1484375
0 0.171875 0.165625 0.03671875 0.04140625
0 0.196875 0.15703125 0.03515625 0.0390625
0 0.30546875 0.175 0.03046875 0.05390625
0 0.32109375 0.2203125 0.015625 0.0765625
0 0.33203125 0.16953125 0.02109375 0.05703125
0 0.39453125 0.20703125 0.04140625 0.02734375
0 0.43828125 0.22578125 0.07734375 0.0421875
0 0.44296875 0.25625 0.02578125 0.01328125
0 0.4421875 0.17890625 0.07265625 0.053125
0 0.571875 0.08359375 0.03671875 0.0328125
0 0.59765625 0.05390625 0.025 0.02578125
0 0.57578125 0.13046875 0.0328125 0.06640625
0 0.61015625 0.11640625 0.03515625 0.07421875
0 0.26328125 0.71640625 0.02109375 0.0859375
0 0.2765625 0.65390625 0.0296875 0.02578125
0 0.27421875 0.62734375 0.01875 0.01328125
0 0.5 0.6140625 0.0390625 0.10546875
0 0.4984375 0.68046875 0.01796875 0.0328125
0 0.52109375 0.57265625 0.015625 0.03359375
0 0.4953125 0.55 0.0140625 0.03125
0 0.4796875 0.49140625 0.0328125 0.065625
0 0.490625 0.45859375 0.01640625 0.01171875
0 0.17265625 0.63515625 0.0171875 0.0625
0 0.17109375 0.71015625 0.034375 0.08046875
0 0.15859375 0.75625 0.0171875 0.009375
0 0.1875 0.75859375 0.00703125 0.01015625
0 0.1546875 0.79140625 0.01796875 0.02890625
0 0.18125 0.809375 0.0125 0.01328125
0 0.18046875 0.7921875 0.01328125 0.02578125
0 0.17734375 0.83125 0.021875 0.01171875
0 0.16875 0.86328125 0.0359375 0.01015625
0 0.1765625 0.90078125 0.02421875 0.06953125
0 0.16171875 0.90234375 0.01875 0.04296875
0 0.15234375 0.3671875 0.02734375 0.028125
0 0.396875 0.4234375 0.02109375 0.02890625
0 0.384375 0.384375 0.0203125 0.034375
0 0.48203125 0.90625 0.01328125 0.0203125
0 0.50234375 0.92109375 0.015625 0.08046875
0 0.49765625 0.97734375 0.01640625 0.02890625
0 0.34453125 0.9703125 0.01640625 0.01640625
0 0.36328125 0.9640625 0.01796875 0.0234375
0 0.35859375 0.94375 0.02421875 0.01875
0 0.371875 0.921875 0.01484375 0.02578125
0 0.359375 0.91796875 0.0109375 0.034375
0 0.425 0.88515625 0.0046875 0.028125
0 0.4203125 0.96875 0.01640625 0.01796875