0 0.28046875 0.35390625 0.0609375 0.1390625
0 0.33125 0.23515625 0.06328125 0.0484375
0 0.4734375 0.2875 0.071875 0.09140625
0 0.559375 0.290625 0.0484375 0.0375
0 0.778125 0.20625 0.08125 0.0875
0 0.79296875 0.14296875 0.03671875 0.05
0 0.63046875 0.58984375 0.03125 0.07109375
0 0.646875 0.7234375 0.05390625 0.128125
0 0.3953125 0.7671875 0.03515625 0.07109375
0 0.375 0.82890625 0.04609375 0.06953125
0 0.28125 0.78515625 0.03359375 0.15703125
0 0.27578125 0.9578125 0.0421875 0.084375
0 0.63125 0.8890625 0.03359375 0.01640625
0 0.62578125 0.990625 0.01875 0.01796875
0 0.6484375 0.65078125 0.021875 0.040625