0 0.3046875 0.23359375 0.0796875 0.05546875
0 0.4484375 0.2890625 0.09296875 0.1109375
0 0.54296875 0.303125 0.07421875 0.046875
0 0.734375 0.21015625 0.10546875 0.09609375
0 0.76171875 0.1484375 0.03515625 0.0359375
0 0.253125 0.35078125 0.05390625 0.1515625
0 0.6015625 0.5796875 0.04453125 0.07890625
0 0.61875 0.70859375 0.05546875 0.125
0 0.6109375 0.8734375 0.0296875 0.03359375
0 0.36328125 0.803125 0.05546875 0.121875
0 0.37421875 0.72109375 0.0296875 0.021875
0 0.2515625 0.79375 0.04453125 0.15703125
0 0.25390625 0.95234375 0.040625 0.084375
0 0.615625 0.98984375 0.05 0.0203125
0 0.525 0.51875 0.0390625 0.03203125