0 0.396875 0.178125 0.07578125 0.05546875
0 0.53359375 0.23671875 0.06328125 0.0765625
0 0.64453125 0.24140625 0.0890625 0.1
0 0.8015625 0.16640625 0.0890625 0.096875
0 0.33125 0.296875 0.07421875 0.15703125
0 0.58828125 0.440625 0.03515625 0.0734375
0 0.671875 0.51796875 0.04453125 0.078125
0 0.696875 0.64296875 0.08359375 0.15859375
0 0.44296875 0.7359375 0.04453125 0.1390625
0 0.334375 0.74140625 0.03515625 0.15546875
0 0.33515625 0.93046875 0.03671875 0.13046875
0 0.528125 0.96484375 0.028125 0.0703125
0 0.6703125 0.9484375 0.0515625 0.103125
0 0.68359375 0.8 0.02578125 0.025