0 0.2484375 0.17578125 0.0671875 0.075
0 0.23203125 0.23828125 0.053125 0.0796875
0 0.28515625 0.109375 0.0375 0.0515625
0 0.31640625 0.10625 0.040625 0.0453125
0 0.3109375 0.140625 0.015625 0.021875
0 0.41484375 0.15703125 0.0265625 0.0375
0 0.4203125 0.1953125 0.0359375 0.08125
0 0.44765625 0.14609375 0.0296875 0.046875
0 0.55078125 0.16796875 0.084375 0.0375
0 0.51796875 0.21015625 0.096875 0.040625
0 0.53671875 0.19140625 0.0625 0.0375
0 0.55 0.17890625 0.0390625 0.0171875
0 0.5234375 0.2421875 0.0703125 0.0546875
0 0.696875 0.1171875 0.046875 0.028125
0 0.6984375 0.1640625 0.0375 0.0703125
0 0.725 0.15390625 0.040625 0.0734375
0 0.51171875 0.4984375 0.0453125 0.08125
0 0.44296875 0.3671875 0.01875 0.025
0 0.440625 0.41171875 0.028125 0.0359375
0 0.22890625 0.69375 0.0328125 0.0421875
0 0.2390625 0.671875 0.0171875 0.0203125
0 0.24765625 0.64375 0.0203125 0.028125
0 0.26875 0.61796875 0.028125 0.0359375
0 0.27578125 0.58515625 0.015625 0.0203125
0 0.49453125 0.63671875 0.0671875 0.134375
0 0.51015625 0.56640625 0.025 0.0390625
0 0.53125 0.58828125 0.0234375 0.028125
0 0.41015625 0.91171875 0.021875 0.025
0 0.42109375 0.94140625 0.040625 0.10625
0 0.2796875 0.934375 0.0265625 0.0359375
0 0.33203125 0.95625 0.0203125 0.0171875
0 0.29375 0.8921875 0.034375 0.040625
0 0.359375 0.8765625 0.025 0.0390625
0 0.10703125 0.83125 0.040625 0.06875
0 0.1640625 0.6140625 0.0453125 0.134375
0 0.13125 0.6828125 0.0140625 0.021875
0 0.1265625 0.7796875 0.0203125 0.0515625
0 0.13828125 0.7359375 0.0203125 0.025
0 0.45078125 0.78125 0.0125 0.0171875
0 0.45234375 0.9109375 0.0234375 0.01875