0 0.3234375 0.2203125 0.0828125 0.0609375
0 0.46328125 0.2859375 0.1 0.1171875
0 0.55625 0.30625 0.0765625 0.0515625
0 0.75390625 0.22734375 0.1125 0.103125
0 0.7859375 0.1671875 0.0375 0.0390625
0 0.2640625 0.33359375 0.0640625 0.1546875
0 0.59609375 0.58671875 0.05 0.08125
0 0.60390625 0.71640625 0.0640625 0.128125
0 0.584375 0.88046875 0.03125 0.0359375
0 0.3421875 0.79296875 0.0640625 0.125
0 0.359375 0.71171875 0.03125 0.0234375
0 0.23203125 0.77578125 0.0546875 0.159375
0 0.22265625 0.934375 0.046875 0.0875
0 0.58046875 0.9921875 0.0515625 0.015625
0 0.5234375 0.5203125 0.040625 0.034375