0 0.3125 0.15234375 0.0828125 0.0625
0 0.43828125 0.22890625 0.0703125 0.1046875
0 0.5484375 0.23125 0.1359375 0.128125
0 0.7234375 0.16796875 0.103125 0.1125
0 0.7328125 0.10859375 0.034375 0.0359375
0 0.25546875 0.2640625 0.0828125 0.1421875
0 0.55625 0.52421875 0.071875 0.096875
0 0.56953125 0.6609375 0.0890625 0.1390625
0 0.31796875 0.70390625 0.08125 0.1421875
0 0.2234375 0.67421875 0.0578125 0.15625
0 0.2 0.87109375 0.078125 0.1640625
0 0.37890625 0.94609375 0.0734375 0.090625
0 0.51640625 0.9546875 0.0734375 0.090625