0 0.35078125 0.1875 0.090625 0.046875
0 0.30390625 0.303125 0.08125 0.1640625
0 0.5015625 0.23359375 0.05546875 0.10859375
0 0.61953125 0.24609375 0.12421875 0.128125
0 0.80390625 0.15859375 0.08515625 0.10859375
0 0.80546875 0.096875 0.0703125 0.0265625
0 0.6484375 0.540625 0.0484375 0.08046875
0 0.66640625 0.603125 0.01484375 0.0390625
0 0.68828125 0.6234375 0.02421875 0.025
0 0.66953125 0.6796875 0.05703125 0.1015625
0 0.39921875 0.76328125 0.06484375 0.1265625
0 0.42421875 0.68515625 0.03359375 0.015625
0 0.64921875 0.83828125 0.01875 0.021875
0 0.56171875 0.45234375 0.040625 0.0828125
0 0.29765625 0.7453125 0.034375 0.14921875
0 0.28515625 0.9328125 0.03359375 0.1328125
0 0.49921875 0.97734375 0.040625 0.0453125
0 0.56640625 0.94609375 0.02890625 0.03828125
0 0.64375 0.971875 0.075 0.05546875