0 0.35078125 0.209375 0.0640625 0.053125
0 0.29375 0.32265625 0.0578125 0.146875
0 0.28125 0.4234375 0.028125 0.04375
0 0.49375 0.28125 0.0484375 0.1
0 0.578125 0.2828125 0.0328125 0.025
0 0.803125 0.2046875 0.0765625 0.096875
0 0.82109375 0.14453125 0.03125 0.025
0 0.63359375 0.58828125 0.0359375 0.075
0 0.64140625 0.64765625 0.01875 0.0359375
0 0.6734375 0.68046875 0.01875 0.03125
0 0.64140625 0.74375 0.053125 0.1546875
0 0.35390625 0.8390625 0.0265625 0.0390625
0 0.61875 0.89375 0.0140625 0.0140625
0 0.60859375 0.9953125 0.0109375 0.009375
0 0.36796875 0.771875 0.015625 0.059375
0 0.38828125 0.73515625 0.015625 0.0421875
0 0.2625 0.771875 0.0234375 0.1453125
0 0.2390625 0.84921875 0.0140625 0.021875
0 0.25078125 0.946875 0.025 0.0828125