0 0.321875 0.2125 0.0875 0.071875
0 0.46875 0.23671875 0.0796875 0.0890625
0 0.57734375 0.2140625 0.1109375 0.11875
0 0.71171875 0.103125 0.109375 0.115625
0 0.2875 0.34375 0.109375 0.1703125
0 0.57109375 0.42109375 0.0515625 0.0796875
0 0.67109375 0.47578125 0.0625 0.0859375
0 0.72578125 0.59140625 0.11875 0.1734375
0 0.5015625 0.74296875 0.0765625 0.1453125
0 0.39765625 0.77421875 0.071875 0.159375
0 0.44453125 0.94453125 0.0671875 0.1109375
0 0.63984375 0.94453125 0.04375 0.075
0 0.7734375 0.89375 0.075 0.1125
0 0.75078125 0.746875 0.03125 0.03125