0 0.296875 0.134375 0.0375 0.04375
0 0.325 0.13203125 0.0390625 0.040625
0 0.24765625 0.2328125 0.084375 0.1421875
0 0.4234375 0.20390625 0.0671875 0.1
0 0.53828125 0.22421875 0.115625 0.11875
0 0.71484375 0.125 0.05 0.0390625
0 0.7453125 0.1078125 0.0328125 0.0203125
0 0.7375 0.09453125 0.0203125 0.0203125
0 0.71171875 0.1703125 0.046875 0.084375
0 0.73984375 0.1671875 0.046875 0.0875
0 0.4625 0.3890625 0.0265625 0.0390625
0 0.5328125 0.51484375 0.046875 0.0953125
0 0.525 0.6375 0.0765625 0.109375
0 0.55859375 0.609375 0.034375 0.0421875
0 0.5359375 0.57890625 0.0203125 0.034375
0 0.515625 0.709375 0.01875 0.0375
0 0.284375 0.65390625 0.05 0.0671875
0 0.3015625 0.609375 0.0203125 0.01875
0 0.18984375 0.64609375 0.05625 0.1515625
0 0.27109375 0.71484375 0.0453125 0.05625
0 0.159375 0.82734375 0.0578125 0.1453125
0 0.32109375 0.93671875 0.046875 0.0796875
0 0.3765625 0.97578125 0.03125 0.0234375
0 0.459375 0.95546875 0.059375 0.0890625
0 0.4734375 0.909375 0.0140625 0.0109375