0 0.32421875 0.2015625 0.09375 0.0546875
0 0.2875 0.32109375 0.0953125 0.1703125
0 0.478125 0.234375 0.0640625 0.1125
0 0.596875 0.23671875 0.134375 0.1390625
0 0.77265625 0.13359375 0.09375 0.115625
0 0.76953125 0.071875 0.071875 0.0328125
0 0.6515625 0.52734375 0.0546875 0.084375
0 0.675 0.58828125 0.01875 0.040625
0 0.6984375 0.60625 0.0265625 0.0265625
0 0.684375 0.6640625 0.065625 0.10625
0 0.42265625 0.77109375 0.075 0.13125
0 0.440625 0.69140625 0.034375 0.01875
0 0.678125 0.82421875 0.0203125 0.0234375
0 0.55703125 0.446875 0.0484375 0.0859375
0 0.31953125 0.76171875 0.046875 0.1515625
0 0.32265625 0.940625 0.0453125 0.11875
0 0.540625 0.97578125 0.04375 0.0484375
0 0.6046875 0.93828125 0.0328125 0.040625
0 0.684375 0.9578125 0.0796875 0.0625