0 0.17421875 0.23671875 0.0375 0.04375
0 0.2 0.22421875 0.0390625 0.040625
0 0.16640625 0.346875 0.084375 0.1421875
0 0.31875 0.2546875 0.0671875 0.1
0 0.43203125 0.2296875 0.115625 0.11875
0 0.55859375 0.071875 0.05 0.0390625
0 0.58046875 0.04453125 0.0328125 0.0203125
0 0.56796875 0.03515625 0.0203125 0.0203125
0 0.5734375 0.11484375 0.046875 0.084375
0 0.59765625 0.1015625 0.046875 0.0875
0 0.42421875 0.41171875 0.0265625 0.0390625
0 0.5359375 0.5015625 0.046875 0.0953125
0 0.575 0.61875 0.0765625 0.109375
0 0.5953125 0.5796875 0.034375 0.0421875
0 0.5625 0.559375 0.0203125 0.034375
0 0.59296875 0.68828125 0.01875 0.0375
0 0.3578125 0.7234375 0.05 0.0671875
0 0.35703125 0.67578125 0.0203125 0.01875
0 0.2671875 0.7515625 0.05625 0.1515625
0 0.36875 0.78515625 0.0453125 0.05625
0 0.30703125 0.92890625 0.0578125 0.1421875
0 0.496875 0.965625 0.046875 0.06875
0 0.5640625 0.9875 0.03125 0.0234375
0 0.634375 0.9390625 0.059375 0.0921875
0 0.62890625 0.88984375 0.0140625 0.0109375