0 0.384375 0.26171875 0.0828125 0.1265625
0 0.6265625 0.21484375 0.0375 0.059375
0 0.35546875 0.43125 0.0546875 0.0609375
0 0.35078125 0.47890625 0.0546875 0.059375
0 0.44765625 0.41953125 0.046875 0.05
0 0.44453125 0.46953125 0.034375 0.040625
0 0.45390625 0.74140625 0.14375 0.059375
0 0.55078125 0.75546875 0.0734375 0.0421875
0 0.5671875 0.7875 0.0390625 0.040625
0 0.5828125 0.834375 0.0421875 0.0546875
0 0.540625 0.91796875 0.021875 0.0484375
0 0.4453125 0.87421875 0.0859375 0.0875
0 0.43671875 0.80625 0.103125 0.0828125
0 0.4359375 0.62109375 0.0421875 0.1
0 0.44453125 0.55234375 0.0265625 0.034375
0 0.4546875 0.70546875 0.05 0.03125