0 0.30625 0.15546875 0.08125 0.0625
0 0.43359375 0.2296875 0.06875 0.1046875
0 0.54375 0.23046875 0.134375 0.1265625
0 0.71796875 0.1640625 0.1015625 0.1125
0 0.72578125 0.10390625 0.0328125 0.0359375
0 0.2515625 0.26875 0.08125 0.140625
0 0.55703125 0.5234375 0.0703125 0.0953125
0 0.57265625 0.66015625 0.0875 0.1375
0 0.321875 0.70703125 0.0796875 0.140625
0 0.22578125 0.67890625 0.0546875 0.15625
0 0.20625 0.8765625 0.075 0.1625
0 0.38671875 0.9484375 0.071875 0.0890625
0 0.525 0.9546875 0.071875 0.090625