0 0.13984375 0.28828125 0.059375 0.15
0 0.16015625 0.17734375 0.0375 0.0421875
0 0.18515625 0.16796875 0.0359375 0.040625
0 0.29453125 0.18203125 0.0328125 0.0546875
0 0.31171875 0.2265625 0.01875 0.0765625
0 0.3203125 0.17578125 0.0234375 0.0578125
0 0.384375 0.2109375 0.0421875 0.028125
0 0.42890625 0.228125 0.078125 0.0453125
0 0.434375 0.25859375 0.0265625 0.0140625
0 0.43125 0.18125 0.075 0.05625
0 0.55703125 0.08125 0.0375 0.034375
0 0.58203125 0.05078125 0.0265625 0.0265625
0 0.5625 0.128125 0.034375 0.0671875
0 0.596875 0.1125 0.0375 0.075
0 0.27109375 0.72421875 0.0234375 0.0859375
0 0.28203125 0.66171875 0.03125 0.0265625
0 0.27890625 0.63515625 0.01875 0.0140625
0 0.50390625 0.6140625 0.0421875 0.10625
0 0.5046875 0.68046875 0.01875 0.0328125
0 0.5234375 0.571875 0.0171875 0.034375
0 0.496875 0.55 0.015625 0.03125
0 0.4796875 0.4921875 0.034375 0.0671875
0 0.4890625 0.45859375 0.0171875 0.0125
0 0.17734375 0.646875 0.01875 0.0625
0 0.17890625 0.721875 0.0375 0.08125
0 0.16796875 0.76796875 0.0171875 0.009375
0 0.196875 0.76953125 0.0078125 0.0109375
0 0.16484375 0.803125 0.01875 0.0296875
0 0.1921875 0.8203125 0.0125 0.0140625
0 0.190625 0.803125 0.0140625 0.0265625
0 0.1890625 0.8421875 0.021875 0.0125
0 0.18125 0.875 0.0359375 0.0109375
0 0.190625 0.91171875 0.0265625 0.0703125
0 0.17578125 0.9140625 0.0203125 0.04375
0 0.14765625 0.3796875 0.028125 0.0296875
0 0.39453125 0.42734375 0.021875 0.0296875
0 0.38046875 0.38828125 0.021875 0.034375
0 0.49609375 0.90625 0.0140625 0.0203125
0 0.5171875 0.92109375 0.01875 0.08125
0 0.5140625 0.97734375 0.0171875 0.0296875
0 0.3609375 0.97578125 0.0171875 0.0171875
0 0.3796875 0.96875 0.01875 0.0234375
0 0.37421875 0.9484375 0.025 0.0203125
0 0.38671875 0.92578125 0.015625 0.0265625
0 0.37421875 0.92265625 0.0125 0.034375
0 0.43828125 0.8875 0.00625 0.028125
0 0.43671875 0.97109375 0.0171875 0.01875