0 0.309375 0.31796875 0.084375 0.146875
0 0.3796875 0.21015625 0.0703125 0.059375
0 0.5109375 0.2859375 0.0859375 0.103125
0 0.59453125 0.30390625 0.0546875 0.0453125
0 0.825 0.259375 0.0953125 0.1
0 0.85078125 0.19921875 0.0453125 0.05625
0 0.6125 0.6109375 0.04375 0.075
0 0.60546875 0.7453125 0.075 0.1359375
0 0.35078125 0.7453125 0.046875 0.0765625
0 0.31953125 0.80234375 0.0578125 0.0765625
0 0.23515625 0.74296875 0.0609375 0.1609375
0 0.2 0.91171875 0.05625 0.090625
0 0.56171875 0.90625 0.0359375 0.021875
0 0.5390625 0.996875 0.021875 0.00625
0 0.6203125 0.67421875 0.028125 0.04375