0 0.13515625 0.3125 0.0671875 0.0734375
0 0.146875 0.37578125 0.0515625 0.078125
0 0.140625 0.23671875 0.0375 0.0515625
0 0.1671875 0.22109375 0.040625 0.04375
0 0.1765625 0.25390625 0.015625 0.021875
0 0.278125 0.225 0.0265625 0.0375
0 0.29921875 0.2578125 0.0359375 0.08125
0 0.303125 0.2015625 0.0296875 0.046875
0 0.40625 0.17734375 0.084375 0.0375
0 0.39375 0.2296875 0.096875 0.0390625
0 0.403125 0.20546875 0.0625 0.0359375
0 0.409375 0.1875 0.0390625 0.0171875
0 0.4125 0.25703125 0.0703125 0.053125
0 0.51640625 0.0703125 0.0453125 0.028125
0 0.53828125 0.11171875 0.0375 0.0703125
0 0.5578125 0.09140625 0.0390625 0.071875
0 0.51015625 0.49375 0.04375 0.08125
0 0.3921875 0.40390625 0.01875 0.025
0 0.409375 0.4453125 0.0265625 0.034375
0 0.33671875 0.790625 0.0328125 0.0421875
0 0.3359375 0.76640625 0.0171875 0.0203125
0 0.33203125 0.73671875 0.0203125 0.028125
0 0.340625 0.7046875 0.0265625 0.034375
0 0.3328125 0.671875 0.015625 0.0203125
0 0.553125 0.62578125 0.065625 0.134375
0 0.5375 0.55625 0.025 0.0390625
0 0.565625 0.56640625 0.0234375 0.028125
0 0.5921875 0.9109375 0.021875 0.025
0 0.61484375 0.9328125 0.0390625 0.10625
0 0.4828125 0.984375 0.025 0.03125
0 0.540625 0.984375 0.0203125 0.0171875
0 0.47890625 0.9421875 0.034375 0.040625
0 0.53125 0.90078125 0.0234375 0.0390625
0 0.2828125 0.965625 0.040625 0.06875
0 0.24375 0.7453125 0.0421875 0.1359375
0 0.24296875 0.82109375 0.0140625 0.021875
0 0.2796875 0.9109375 0.0203125 0.0515625
0 0.271875 0.86640625 0.01875 0.025
0 0.57421875 0.77578125 0.0125 0.0171875
0 0.63046875 0.8921875 0.0234375 0.01875