0 0.275 0.23671875 0.1 0.06875
0 0.259375 0.3609375 0.1203125 0.1796875
0 0.4328125 0.2421875 0.08125 0.11875
0 0.55 0.2234375 0.153125 0.15625
0 0.70546875 0.09140625 0.1109375 0.1265625
0 0.690625 0.03125 0.075 0.04375
0 0.65390625 0.50078125 0.0671875 0.090625
0 0.6875 0.55625 0.025 0.0421875
0 0.7140625 0.5703125 0.0296875 0.0296875
0 0.71015625 0.6296875 0.08125 0.1125
0 0.47109375 0.78046875 0.0953125 0.1390625
0 0.475 0.6984375 0.0359375 0.0234375
0 0.73203125 0.78828125 0.0234375 0.0265625
0 0.54765625 0.43828125 0.0609375 0.090625
0 0.36796875 0.7890625 0.071875 0.153125
0 0.40390625 0.95234375 0.0671875 0.0953125
0 0.62265625 0.9609375 0.0515625 0.0546875
0 0.6796875 0.9140625 0.0375 0.04375
0 0.7609375 0.91875 0.0875 0.0734375