0 0.35390625 0.20390625 0.0875 0.06875
0 0.4859375 0.28359375 0.1109375 0.125
0 0.5765625 0.31328125 0.08125 0.059375
0 0.78125 0.25546875 0.1203125 0.1125
0 0.81875 0.19921875 0.040625 0.0421875
0 0.2828125 0.31015625 0.0796875 0.159375
0 0.5859375 0.59609375 0.0578125 0.0859375
0 0.58046875 0.72578125 0.0765625 0.1328125
0 0.54453125 0.88671875 0.034375 0.0375
0 0.3125 0.775 0.0765625 0.1296875
0 0.3375 0.69609375 0.0328125 0.0265625
0 0.2046875 0.74609375 0.071875 0.1625
0 0.17890625 0.903125 0.0546875 0.090625
0 0.528125 0.99375 0.053125 0.0125
0 0.52109375 0.52265625 0.04375 0.0390625