0 0.43203125 0.24453125 0.0921875 0.1328125
0 0.67890625 0.24453125 0.0421875 0.0609375
0 0.37109375 0.4046875 0.059375 0.065625
0 0.3578125 0.45078125 0.059375 0.0640625
0 0.46328125 0.4109375 0.0515625 0.0546875
0 0.4515625 0.459375 0.0375 0.04375
0 0.40859375 0.728125 0.146875 0.071875
0 0.5015625 0.76015625 0.0765625 0.0484375
0 0.51171875 0.7953125 0.0421875 0.04375
0 0.5171875 0.84375 0.0453125 0.0578125
0 0.46015625 0.91796875 0.025 0.0484375
0 0.375 0.85703125 0.0921875 0.09375
0 0.3796875 0.78828125 0.1078125 0.090625
0 0.4140625 0.60625 0.05 0.1015625
0 0.4359375 0.540625 0.028125 0.0359375
0 0.41640625 0.69296875 0.0515625 0.0359375