0 0.34609375 0.21171875 0.0640625 0.0515625
0 0.290625 0.32578125 0.0546875 0.1453125
0 0.2796875 0.42734375 0.028125 0.04375
0 0.48984375 0.28125 0.046875 0.1
0 0.57421875 0.28125 0.0328125 0.025
0 0.7984375 0.19921875 0.075 0.096875
0 0.81484375 0.1390625 0.03125 0.025
0 0.63515625 0.5859375 0.0359375 0.075
0 0.64453125 0.6453125 0.0171875 0.034375
0 0.6765625 0.67734375 0.0171875 0.03125
0 0.6453125 0.74140625 0.05 0.1546875
0 0.36015625 0.84140625 0.0265625 0.0390625
0 0.62578125 0.89140625 0.0140625 0.0140625
0 0.6171875 0.99453125 0.009375 0.0109375
0 0.37265625 0.77421875 0.015625 0.059375
0 0.3921875 0.73671875 0.015625 0.0421875
0 0.26796875 0.77578125 0.021875 0.1453125
0 0.2453125 0.85390625 0.0140625 0.021875
0 0.25859375 0.9515625 0.0234375 0.08125