0 0.45546875 0.1234375 0.0828125 0.0578125
0 0.92109375 0.16484375 0.0828125 0.10625
0 0.95078125 0.10859375 0.034375 0.0234375
0 0.715625 0.540625 0.0453125 0.0796875
0 0.71640625 0.603125 0.021875 0.0390625
0 0.740625 0.621875 0.021875 0.0296875
0 0.70390625 0.66484375 0.0453125 0.109375
0 0.46015625 0.67578125 0.03125 0.0265625
0 0.4609375 0.63984375 0.0234375 0.0234375
0 0.4421875 0.70390625 0.025 0.0359375
0 0.4171875 0.75078125 0.04375 0.0546875
0 0.62265625 0.92421875 0.0171875 0.025
0 0.63984375 0.934375 0.03125 0.06875
0 0.62734375 0.98359375 0.0296875 0.0328125
0 0.67109375 0.92109375 0.0203125 0.015625