0 0.378125 0.14140625 0.08125 0.0546875
0 0.8421875 0.084375 0.0796875 0.1046875
0 0.86015625 0.0234375 0.034375 0.021875
0 0.71953125 0.4953125 0.0421875 0.078125
0 0.7328125 0.55546875 0.021875 0.0390625
0 0.7609375 0.56875 0.0203125 0.0296875
0 0.73359375 0.61875 0.040625 0.109375
0 0.49765625 0.68046875 0.0296875 0.025
0 0.490625 0.6453125 0.021875 0.0234375
0 0.4859375 0.71171875 0.025 0.034375
0 0.47109375 0.7625 0.0421875 0.053125
0 0.7078125 0.88984375 0.0171875 0.025
0 0.7265625 0.89609375 0.0296875 0.06875
0 0.72578125 0.9484375 0.028125 0.0359375
0 0.7546875 0.87578125 0.0203125 0.015625