0 0.18203125 0.240625 0.0546875 0.0640625
0 0.18046875 0.30546875 0.0375 0.07265625
0 0.203125 0.16796875 0.028125 0.046875
0 0.2328125 0.1578125 0.03359375 0.03828125
0 0.23515625 0.1921875 0.01171875 0.0203125
0 0.33984375 0.18515625 0.01953125 0.03359375
0 0.35390625 0.22109375 0.01953125 0.078125
0 0.36953125 0.1671875 0.0203125 0.04375
0 0.475 0.16484375 0.08203125 0.0203125
0 0.45234375 0.21328125 0.0953125 0.01953125
0 0.46640625 0.19140625 0.0578125 0.025
0 0.4765625 0.17578125 0.0375 0.009375
0 0.46484375 0.24375 0.06328125 0.04140625
0 0.60546875 0.0828125 0.04296875 0.01953125
0 0.61796875 0.128125 0.0234375 0.0671875
0 0.64140625 0.1125 0.02578125 0.06875
0 0.5109375 0.49609375 0.02890625 0.0765625
0 0.41484375 0.38359375 0.01484375 0.021875
0 0.42265625 0.42734375 0.02109375 0.03125
0 0.2796875 0.75 0.02578125 0.0375
0 0.284375 0.7265625 0.0140625 0.01796875
0 0.28671875 0.696875 0.01484375 0.02578125
0 0.3015625 0.6671875 0.02109375 0.03125
0 0.30078125 0.63359375 0.0125 0.01875
0 0.52578125 0.634375 0.0390625 0.1296875
0 0.525 0.5625 0.01796875 0.0359375
0 0.55 0.57890625 0.01796875 0.025
0 0.5046875 0.92109375 0.01796875 0.021875
0 0.52265625 0.94765625 0.0171875 0.1046875
0 0.3828125 0.97265625 0.01953125 0.03203125
0 0.4390625 0.98203125 0.0171875 0.0140625
0 0.3875 0.928125 0.02734375 0.0359375
0 0.44765625 0.8984375 0.01640625 0.03671875
0 0.19140625 0.9109375 0.02734375 0.0640625
0 0.1984375 0.68671875 0.01484375 0.13515625
0 0.18203125 0.7609375 0.01015625 0.01953125
0 0.19921875 0.85625 0.009375 0.05
0 0.20078125 0.8109375 0.01484375 0.02265625
0 0.515625 0.78515625 0.009375 0.015625
0 0.54609375 0.9109375 0.02109375 0.0140625