0 0.20703125 0.20234375 0.0859375 0.15625
0 0.25546875 0.1 0.0453125 0.0484375
0 0.28203125 0.09765625 0.04375 0.0453125
0 0.38359375 0.13984375 0.0421875 0.059375
0 0.38828125 0.1875 0.0328125 0.078125
0 0.4109375 0.13984375 0.0328125 0.0609375
0 0.46328125 0.190625 0.046875 0.0359375
0 0.5015625 0.21875 0.084375 0.0578125
0 0.49921875 0.25 0.028125 0.01875
0 0.515625 0.17421875 0.0828125 0.06875
0 0.6640625 0.11015625 0.04375 0.040625
0 0.6953125 0.0875 0.0296875 0.03125
0 0.65703125 0.15703125 0.046875 0.071875
0 0.69375 0.15078125 0.0515625 0.0796875
0 0.2203125 0.6578125 0.040625 0.0890625
0 0.24765625 0.6 0.034375 0.03125
0 0.2515625 0.5734375 0.021875 0.0171875
0 0.47421875 0.6109375 0.0625 0.1109375
0 0.4578125 0.67578125 0.025 0.0359375
0 0.50390625 0.57578125 0.0234375 0.0359375
0 0.484375 0.54765625 0.0203125 0.034375
0 0.48203125 0.48671875 0.046875 0.071875
0 0.5 0.4578125 0.01875 0.015625
0 0.15078125 0.5578125 0.03125 0.0640625
0 0.13203125 0.63046875 0.0515625 0.0859375
0 0.109375 0.67265625 0.01875 0.0125
0 0.1375 0.68203125 0.009375 0.0109375
0 0.09765625 0.70625 0.0234375 0.0328125
0 0.11953125 0.7296875 0.015625 0.015625
0 0.12265625 0.7125 0.01875 0.028125
0 0.1109375 0.75 0.0234375 0.015625
0 0.0953125 0.7796875 0.0375 0.01875
0 0.09453125 0.81796875 0.0390625 0.0734375
0 0.0796875 0.815625 0.028125 0.0453125
0 0.19140625 0.2921875 0.0328125 0.0328125
0 0.41640625 0.40234375 0.0265625 0.0328125
0 0.41328125 0.36171875 0.028125 0.0375
0 0.39140625 0.89140625 0.0171875 0.0234375
0 0.4078125 0.9109375 0.0328125 0.08125
0 0.390625 0.96484375 0.021875 0.03125
0 0.24296875 0.9234375 0.0203125 0.0203125
0 0.2625 0.92109375 0.0234375 0.0265625
0 0.2625 0.90078125 0.028125 0.0234375
0 0.28046875 0.88203125 0.0203125 0.028125
0 0.26875 0.87578125 0.01875 0.0359375
0 0.340625 0.85859375 0.0109375 0.028125
0 0.3171875 0.9390625 0.0203125 0.021875