0 0.37421875 0.17265625 0.090625 0.06875
0 0.81328125 0.2484375 0.09375 0.1125
0 0.83828125 0.18984375 0.0234375 0.0203125
0 0.628125 0.29453125 0.1296875 0.125
0 0.5125 0.26171875 0.0765625 0.090625
0 0.2953125 0.2890625 0.090625 0.165625
0 0.596875 0.590625 0.0609375 0.06875
0 0.5828125 0.72734375 0.1 0.15625
0 0.59609375 0.659375 0.0265625 0.0421875
0 0.3140625 0.75 0.084375 0.1359375
0 0.2078125 0.71875 0.0609375 0.146875
0 0.17265625 0.87578125 0.0671875 0.1265625
0 0.5 0.984375 0.053125 0.03125