0 0.36953125 0.18828125 0.0796875 0.0625
0 0.51015625 0.23515625 0.0703125 0.08125
0 0.62109375 0.2296875 0.096875 0.1078125
0 0.77109375 0.14140625 0.096875 0.1046875
0 0.3140625 0.3125 0.0875 0.1625
0 0.5828125 0.4328125 0.0421875 0.0765625
0 0.67265625 0.503125 0.0515625 0.08125
0 0.70859375 0.625 0.096875 0.165625
0 0.4640625 0.73984375 0.05625 0.1421875
0 0.35625 0.7546875 0.0484375 0.1578125
0 0.37265625 0.93828125 0.0484375 0.1234375
0 0.56875 0.9609375 0.034375 0.071875
0 0.70859375 0.93203125 0.0609375 0.1078125
0 0.709375 0.7828125 0.028125 0.0265625