0 0.26875 0.3734375 0.0734375 0.14375
0 0.30859375 0.25078125 0.0671875 0.053125
0 0.4546875 0.290625 0.0796875 0.096875
0 0.540625 0.2859375 0.0515625 0.0421875
0 0.7515625 0.1828125 0.0890625 0.09375
0 0.7609375 0.11875 0.040625 0.053125
0 0.6375 0.578125 0.0375 0.0734375
0 0.665625 0.71015625 0.065625 0.1328125
0 0.41875 0.775 0.040625 0.0734375
0 0.40390625 0.83828125 0.0515625 0.0734375
0 0.30703125 0.803125 0.046875 0.159375
0 0.315625 0.965625 0.05 0.06875
0 0.66484375 0.87578125 0.034375 0.01875
0 0.66796875 0.978125 0.0203125 0.0203125
0 0.6609375 0.6375 0.025 0.0421875