0 0.2796875 0.22734375 0.0859375 0.0578125
0 0.7203125 0.1640625 0.0828125 0.1046875
0 0.7265625 0.10078125 0.021875 0.0171875
0 0.55859375 0.26484375 0.1171875 0.1125
0 0.43828125 0.26953125 0.0671875 0.084375
0 0.23984375 0.3625 0.0703125 0.1609375
0 0.6203125 0.55625 0.053125 0.0625
0 0.64921875 0.690625 0.08125 0.15
0 0.640625 0.621875 0.021875 0.040625
0 0.4 0.7953125 0.0671875 0.13125
0 0.28984375 0.7984375 0.0421875 0.146875
0 0.30390625 0.9484375 0.0515625 0.103125
0 0.653125 0.96875 0.05 0.0421875